510
325
505
320
500
315
495
310
490
305
485
310
490
315
495
320
500
325
505
330
510
here?
330
505
325
500
320
495
315
490
310
485
305
480
310
485
315
490
320
495
325
500
330
505
here?
330
500
325
495
320
490
315
485
310
480
305
475
310
480
315
485
320
490
325
495
330
500
here?
330
495
325
490
320
485
315
480
310
475
305
470
310
475
315
480
320
485
325
490
330
495
here?
330
490
325
485
320
480
315
475
310
470
305
465
310
470
315
475
320
480
325
485
330
490
here?
330
485
325
480
320
475
315
470
310
465
305
460
310
465
315
470
320
475
325
480
330
485
here?
330
480
325
475
320
470
315
465
310
460
305
455
310
460
315
465
320
470
325
475
330
480
here?
330
475
325
470
320
465
315
460
310
455
305
450
310
455
315
460
320
465
325
470
330
475
here?
330
Traceback (most recent call last):
  File "/Users/admin/Desktop/15-112 /Term Project/termgame.py", line 1642, in <module>
    game1.run()
  File "/Users/admin/Desktop/15-112 /Term Project/termgame.py", line 1623, in run
    play.run()
  File "/Users/admin/Desktop/15-112 /Term Project/termgame.py", line 1539, in run
    self.screen.fill((255,255,255))
pygame.error: display Surface quit
>>> 